Питома вага перегрітої пари. v.кг/м3
               (120.0) (160.0) (200.0) (220.0) (240.0) (260.0) (280.0) (300.0) (400.0)
(100000) (0.546) (0.494) (0.452) (0.433) (0.415) (0.400) (0.386) (0.372) (0.316)
(200000) (1.108) (0.999) (0.908) (0.870) (0.836) (0.804) (0.773) (0.745) (0.634)
(300000) (-1.00) (1.510) (1.370) (1.310) (1.260) (1.210) (1.160) (1.120) (0.950)
(400000) (-1.00) (2.020) (1.840) (1.760) (1.680) (1.620) (1.560) (1.500) (1.270)
(500000) (-1.00) (2.560) (2.310) (2.210) (2.110) (2.030) (1.950) (1.880) (1.590)
(600000) (-1.00) (3.100) (2.790) (2.660) (2.540) (2.440) (2.350) (2.260) (1.910)
(700000) (-1.00) (-1.00) (3.270) (3.120) (2.980) (2.860) (2.740) (2.640) (2.230)
(800000) (-1.00) (-1.00) (3.760) (3.580) (3.420) (3.280) (3.150) (3.030) (2.560)
(900000) (-1.00) (-1.00) (4.250) (4.050) (3.860) (3.700) (3.560) (3.420) (2.880)
(1000000) (-1.00) (-1.00) (4.750) (4.510) (4.300) (4.120) (3.960) (3.800) (3.200)
(1100000) (-1.00) (-1.00) (5.260) (5.000) (4.760) (4.550) (4.360) (4.190) (4.530)
(1200000) (-1.00) (-1.00) (5.800) (5.480) (5.220) (4.980) (4.780) (4.580) (3.860)
(1300000) (-1.00) (-1.00) (6.310) (5.970) (5.680) (5.420) (5.200) (4.980) (4.180)
(1400000) (-1.00) (-1.00) (6.850) (6.480) (6.150) (5.850) (5.600) (5.390) (4.500)
(1500000) (-1.00) (-1.00) (7.400) (6.970) (6.610) (6.310) (6.030) (5.780) (4.830)
(2000000) (-1.00) (-1.00) (-1.00) (9.580) (9.040) (8.560) (8.160) (7.800) (6.490)
(2500000) (-1.00) (-1.00) (-1.00) (-1.00) (11.60) (10.90) (10.39) (9.910) (8.190)
(3000000) (-1.00) (-1.00) (-1.00) (-1.00) (14.30) (13.40) (12.70) (12.10) (9.860)
(3600000) (-1.00) (-1.00) (-1.00) (-1.00) (-1.00) (16.60) (15.60) (14.76) (11.95)
